1030
1356
-85
850
-80
385
730
614
-384
-239
1089
1447
1065
477
-415
995
899
776
529
-149
801
379
1453
-4
1031
337
968
1228
-87
1110
918
1490
1252
-442
865
1420
1249
-45
-205
-235
-57
723
489
1217
1067
1459
296
246
-2
1195
696
-437
-438
1483
1009
101
1229
613
599
-246
543
-411
819
-485
450
729
846
649
142
1171
153
1243
864
367
384
1235
919
-89
-385
1304
1447
13
-96
1424
778
287
1275
376
743
561
-181
-380
-297
-347
-243
616
623
962
1095
-409
-404
333
-54
257
720
1099
1370
-315
1249
613
169
-287
334
1105
-408
1429
361
946
436
690
-347
-418
221
-303
883
-10
1124
-333
1468
-227
890
1464
66
212
1303
1357
1153
1058
739
1088
1464
1369
896
929
393
211
567
461
735
298
956
-434
1479
-410
-189
662
-484
570
-272
1491
1467
771
1435
1176
908
475
-432
691
-126
1170
751
-431
922
-461
1154
379
-401
98
1491
376
-165
-369
97
-155
1340
-299
-364
746
1278
-433
1302
-458
1229
894
1381
366
617
-454
1149
1425
